CountryName	Region	IncomeGroup	System	YearsAveraged	ladder	lgdppc	ss	hle	fmc	gen	corrupt	pos	neg	HDI2018	LifeExpAtBirth	OldAgeRatio	PercOld	MeanYrsSchool	PovIndex	GNIperCap	LogGNIperCap	ladder.20	lgdppc.20	ss.20	hle.20	fmc.20	gen.20	corrupt.20	ladder.21	lgdppc.21	ss.21	hle.21	fmc.21	gen.21	corrupt.21
Afghanistan	South Asia	Low	Presidential	12	3.594628175	7.423861941	0.508245361	52.26666673	0.518011677	0.081154282	0.843282789	0.548686949	0.326683915	0.496	64.5	4.8	4.58	3.9	0.413	1823.529	3.26091276	2.5669000149	7.4628605843	0.4703669548	52.590000153	0.3965730071	-0.0964294	0.9336865544	2.5229001045	7.6947097778	0.4625955522	52.492614746	0.3817485273	-0.101683542	0.9243381619
Albania	Europe & Central Asia	Upper middle	Parliamentary	12	4.990636269	9.275998195	0.716832683	67.39999962	0.655259823	-0.090557641	0.867527162	0.651721562	0.302115306	0.791	78.5	20	16.67	10.1	0.758	11885.508	4.075017754	4.8826999664	9.417930603	0.6710704565	68.708137512	0.7819942236	-0.042309489	0.8963037133	5.1174001694	9.5204963684	0.6974051595	68.999389648	0.7852362394	-0.029921465	0.9010128975
Algeria	Middle East & North Africa	Lower middle	Presidential	8	5.389716864	9.512916446	0.803581851	65.28999996	0.519009183	-0.165361101	0.690870593	0.608372663	0.262206246	0.759	76.7	10	9.09	8	0.675	13802.013	4.139942434	5.0050997734	9.5379648209	0.8033851385	65.905174255	0.4666109085	-0.121105164	0.7354851365	4.8871002197	9.3423728943	0.8019434214	66.004554749	0.4797153175	-0.06698665	0.7518753409
Argentina	Latin America & Caribbean	Upper middle	Presidential	14	6.339423214	9.828099046	0.904945838	67.80714308	0.764315073	-0.154986563	0.843869507	0.83844617	0.279843191	0.83	76.5	17.3	14.75	10.6	0.842	18460.737	4.266249027	5.9746999741	9.8109550476	0.9005679488	68.80380249	0.831132412	-0.194913864	0.8420098424	5.9292998314	9.9616317749	0.8975238204	69.000152588	0.8284859061	-0.181703791	0.8339568377
Armenia	Europe & Central Asia	Upper middle	Presidential	13	4.438665023	8.925176694	0.713775204	65.630769	0.542211258	-0.185719924	0.866715349	0.546481859	0.43444862	0.76	74.9	16.5	14.16	11.8	0.759	9143.678	3.961120906	4.6767997742	9.100476265	0.7574794292	66.750656128	0.7120178342	-0.13877961	0.7735447884	5.282599926	9.4873743057	0.7990387082	67.055145264	0.8253329992	-0.167646408	0.6294224262
Australia	East Asia & Pacific	High	Parliamentary	13	7.293151672	10.6676142	0.948078504	72.57692308	0.922907178	0.276398104	0.409601416	0.8030948	0.214212352	0.938	83.3	24	19.35	12.7	0.923	43560.058	4.639088447	7.222799778	10.720596313	0.9448546171	73.604537964	0.9154317379	0.1904601604	0.4151691198	7.1834998131	10.795604706	0.9401491284	73.900093079	0.9136497378	0.1585298628	0.4422915578
Austria	Europe & Central Asia	High	Parliamentary	12	7.244621476	10.70597315	0.929997419	71.97833379	0.90572013	0.144106006	0.579052508	0.7897718	0.175904526	0.914	81.4	28.5	22.18	12.6	0.871	45415.101	4.657200286	7.2941999435	10.742823601	0.9280458689	73.002502441	0.8999894857	0.0854292214	0.4999548793	7.2677998543	10.906315804	0.9341755509	73.299720764	0.9076905847	0.0415682793	0.4813777804
Azerbaijan	Europe & Central Asia	Upper middle	Presidential	14	4.940988541	9.644061089	0.770649314	63.94285747	0.662106533	-0.186507317	0.698329738	0.572745817	0.230726729	0.754	72.9	8.8	8.09	10.5	0.694	15599.618	4.19311395	5.1648001671	9.6877269745	0.8193082809	65.508399963	0.7868241072	-0.240255281	0.5525375605	5.170800209	9.568728447	0.8359205723	65.655845642	0.81416291	-0.222548172	0.5064712763
Bahrain	Middle East & North Africa	High	Presidential	9	5.860863315	10.64992396	0.884406798	67.17111121	0.845363036	0.051111549	0.553173018	0.708192378	0.365187693	0.838	77.2	3.1	3.01	9.4	0.738	41579.927	4.618883724	6.2273001671	10.676380157	0.8763421178	68.5	0.9058557749	0.1337291896	0.7393471003	6.646900177	10.668610573	0.8616421819	69.495101929	0.924988091	0.089116849	0.7219851017
Bangladesh	South Asia	Lower middle	Parliamentary	14	4.717034374	7.968017067	0.597659547	61.80714308	0.748855812	-0.030641027	0.742737732	0.62447796	0.262958575	0.614	72.3	7.7	7.15	6.1	0.513	3676.923	3.56548458	4.8327999115	8.2870635986	0.6872929931	64.503067017	0.9006249905	-0.033664726	0.6618435383	5.024600029	8.4542284012	0.693390131	64.799964905	0.8770083189	-0.041346937	0.6816807389
Belarus	Europe & Central Asia	Upper middle	Presidential	14	5.57115548	9.698973315	0.906550578	63.75000027	0.662002423	-0.172733229	0.671171968	0.5634632	0.217951003	0.817	74.6	21.7	17.83	12.3	0.837	16323.462	4.21281226	5.539899826	9.7799453735	0.9067474604	66.10433197	0.6391630769	-0.164926544	0.6357116699	5.5335001945	9.8532266617	0.9096422195	66.253005981	0.6496435404	-0.180324003	0.6266878247
Belgium	Europe & Central Asia	High	Parliamentary	13	6.992501882	10.6387828	0.921283892	71.13846236	0.860183184	-0.012944936	0.617959201	0.795413242	0.239947203	0.919	81.5	29.3	22.66	11.8	0.893	42156.372	4.624863233	6.8635001183	10.673639297	0.9116325378	72.001647949	0.8135820627	-0.078691199	0.6122979522	6.8340001106	10.823075294	0.905531466	72.199424744	0.7833221555	-0.153368056	0.6455837488
Benin	Sub-Saharan Africa	Lower middle	Presidential	11	4.015355652	7.582650575	0.474488372	52.7363635	0.737621226	-0.03364427	0.807386073	0.617404786	0.340642632	0.52	61.5	6	5.66	3.8	0.476	2061.433	3.314169238	5.2160000801	7.6743197441	0.4686711431	54.312465668	0.7351825833	-0.003537213	0.740532577	5.0451998711	8.0869588852	0.4885113239	54.712749481	0.7574853897	-0.033809192	0.6607150435
Bolivia	Latin America & Caribbean	Lower middle	Presidential	14	5.745791742	8.677428654	0.806475461	61.70714297	0.823060704	-0.042822485	0.817329015	0.766083185	0.39447999	0.703	71.2	11.7	10.47	9	0.69	6714.027	3.826983096	5.7474999428	8.8511152267	0.8031086922	63.600471497	0.8758733273	-0.09168113	0.8226062059	5.7158999443	9.0456705093	0.8095972538	63.901218414	0.8746420145	-0.077318929	0.8390057087
Bosnia and Herzegovina	Europe & Central Asia	Upper middle	Parliamentary	12	5.1635921	9.293984652	0.773327286	66.99333318	0.477317236	0.039052415	0.946545969	0.580689301	0.309420273	0.769	77.3	24	19.35	9.7	0.706	11716.021	4.06878013	5.6740999222	9.4558172226	0.8292041421	67.808135986	0.6513527036	0.0982745588	0.9337691069	5.8130998611	9.5900154114	0.8703864217	68.098495483	0.7063484788	0.1125200391	0.931212604
Botswana	Sub-Saharan Africa	Upper middle	Parliamentary	12	3.99642694	9.614348491	0.826100533	54.99833361	0.82122991	-0.197033804	0.782157103	0.710328937	0.230417909	0.728	69.3	6.8	6.37	9.3	0.664	15533.649	4.191273494	3.4788999557	9.7112035751	0.7791217566	58.924453735	0.8213281035	-0.250394493	0.7779309154	3.4665000439	9.7815361023	0.7841714025	59.269187927	0.8243942261	-0.246159256	0.8006190658
Brazil	Latin America & Caribbean	Upper middle	Presidential	14	6.657346283	9.570292745	0.898971937	65.10428538	0.796102375	-0.08623399	0.722414638	0.78996815	0.298440794	0.761	75.7	12.8	11.35	7.8	0.689	13755.337	4.138471233	6.3755998611	9.5664348602	0.8967238069	66.480163574	0.7998048067	-0.101812392	0.7706012726	6.3301000595	9.5773048401	0.8815970421	66.600875854	0.8044139147	-0.07104817	0.7563974857
Bulgaria	Europe & Central Asia	Upper middle	Parliamentary	11	4.481120868	9.73181005	0.88504231	66.14545441	0.651482983	-0.156156189	0.945708297	0.607123657	0.222623742	0.816	74.9	32.7	24.64	11.8	0.805	18740.112	4.272772178	5.1015000343	9.8693189621	0.9378403425	66.803977966	0.7451781631	-0.143908441	0.9355851412	5.2655000687	10.015582085	0.930772841	67.00025177	0.7878619432	-0.096492678	0.9321166277
Burkina Faso	Sub-Saharan Africa	Low	Presidential	13	4.168298336	7.338826216	0.739248817	51.01230827	0.65252029	-0.02535098	0.762384804	0.617680568	0.297827002	0.434	61.2	4.6	4.4	1.6	0.3	1650.092	3.217508184	4.7687001228	7.46854496	0.7129436135	53.889453888	0.6655635834	-0.019080516	0.7397950292	4.833799839	7.6780896187	0.6722585559	54.150817871	0.6945601106	-0.008617412	0.747923255
Burundi	Sub-Saharan Africa	Low	Presidential	5	3.54812417	6.579909229	0.417651945	50.91600037	0.45101437	-0.030452423	0.732270253	0.618266505	0.244124097	0.423	61.2	4.3	4.12	3.1	0.418	702.256	2.846495515	3.7753000259	6.4926424026	0.4903257191	53.400001526	0.626350224	-0.017551597	0.6069345474	3.7753000259	6.635322094	0.4903257191	53.400001526	0.626350224	-0.023876166	0.6069345474
Cambodia	East Asia & Pacific	Lower middle	Parliamentary	14	4.241833636	7.982093777	0.718668452	59.16428566	0.935727133	0.171581379	0.853202086	0.797049495	0.371273425	0.581	69.6	7.1	6.63	4.8	0.476	3412.937	3.533128326	4.848400116	8.2498903275	0.773080647	61.529968262	0.9597046375	0.051911179	0.8227690458	4.8303999901	8.360370636	0.7645816207	62.000335693	0.9585790634	0.0339526087	0.8434561491
Cameroon	Sub-Saharan Africa	Lower middle	Presidential	14	4.578157101	8.025213446	0.714131824	49.45714297	0.738427128	-0.018102065	0.88185963	0.626885623	0.297787177	0.563	58.9	5	4.76	6.3	0.564	3314.745	3.52045007	5.0848999023	8.1186475754	0.700386405	52.704940796	0.7630518079	-0.00149645	0.8513365984	5.1417999268	8.1890974045	0.7096076012	53.515312195	0.7312072515	0.0256444197	0.8476269841
Canada	North America	High	Parliamentary	14	7.401420389	10.65104294	0.935844183	72.6014279	0.930936677	0.227492443	0.416584017	0.853446892	0.24695988	0.922	82.3	25.8	20.51	13.3	0.891	43433.167	4.637821495	7.2321000099	10.692368507	0.9271766543	73.601600647	0.9339132309	0.124770768	0.3908433616	7.1033000946	10.776125908	0.9261578918	73.799804688	0.9146769643	0.0892951712	0.414686054
Central African Republic	Sub-Saharan Africa	Low	Presidential	5	3.514954329	6.763862324	0.402559	43.35600128	0.680429709	0.036784594	0.842129123	0.561514795	0.391496813	0.381	52.8	5.3	5.03	4.3	0.353	663.152	2.821612843	3.4758999348	6.6251602173	0.3194598556	45.200000763	0.6408806443	0.0824103579	0.8918066621							
Chad	Sub-Saharan Africa	Low	Presidential	14	4.045235838	7.520428249	0.667015812	45.91428593	0.499539401	-0.004015583	0.870487758	0.566954817	0.346960805	0.401	54	4.9	4.67	2.4	0.288	1750.186	3.24308413	4.4226999283	7.4679636955	0.6323880553	48.220539093	0.5873052478	0.0178347193	0.8027608395	4.3554000854	7.364013195	0.6193000078	48.478000641	0.5786272883	0.0413417965	0.8069084287
Chile	Latin America & Caribbean	High	Presidential	14	6.371415309	9.939951556	0.846307801	69.27857154	0.72449527	0.090286281	0.767853022	0.817217163	0.307539303	0.847	80	16.8	14.38	10.4	0.807	21909.501	4.340632486	6.2284998894	10.032054901	0.8797135949	69.900619507	0.7448962927	-0.065668367	0.8382394314	6.1718997955	10.0710783	0.8822913766	70.000022888	0.7415035963	-0.044292551	0.8303554058
China	East Asia & Pacific	Upper middle	Assembly-Elected President	14	4.996359553	9.314939431	0.783014319	68.08571352	0.840722428	-0.18813916		0.823519664	0.157709898	0.758	76.7	15.3	13.27	7.9	0.649	15269.761	4.183832246	5.1238999367	9.6885681152	0.7987605929	69.2891922	0.8985179067	-0.18142575	0.7539710999	5.339099884	9.6731719971	0.8108290434	69.593406677	0.9042927027	-0.145907685	0.7553886175
Colombia	Latin America & Caribbean	Upper middle	Presidential	14	6.287005629	9.385853631	0.893877583	66.3785711	0.812547054	-0.082112072	0.850493508	0.826960717	0.292942447	0.761	77.1	12.4	11.03	8.3	0.683	12937.88	4.111863111	6.1634001732	9.500369072	0.8844402432	67.699584961	0.8361799121	-0.161235645	0.8645718098	6.0124001503	9.5570001602	0.8468530178	68.001373291	0.836986661	-0.134796441	0.8408741355
Comoros	Sub-Saharan Africa	Lower middle	Presidential	6	3.943963409	7.811626991	0.674189379	55.68666712	0.528113201	-0.009577811	0.752967666	0.693719149	0.234014822	0.538	64.1	5.2	4.94	4.9	0.476	1398.798	3.145754851	4.288599968	7.833630085	0.625662446	57.349010468	0.5476126075	0.0900084078	0.7806226015	4.288599968	8.0307531357	0.625662446	57.349010468	0.5476126075	0.0815663636	0.7806226015
Congo (Brazzaville)	Sub-Saharan Africa	Lower middle	Presidential	10	4.46570735	8.577571678	0.633850581	55.93000031	0.722953302	-0.130769669	0.785071313	0.601157361	0.339854461	0.609	64.3	4.8	4.58	6.5	0.539	5694.221	3.75543432	5.1943998337	8.5369873047	0.6402280927	57.924480438	0.7190585136	-0.123674095	0.7517790794	5.3417000771	8.1172170639	0.6364794374	58.220947266	0.6947336793	-0.067539603	0.7446727157
Congo (Kinshasa)	Sub-Saharan Africa	Low	Presidential	8	4.348440915	6.612422645	0.774971187	51.35500002	0.58709323	0.007361131	0.84564238	0.584532909	0.267509846	0.459	60.4	5.9	5.57	6.8	0.495	795.826	2.90081835	4.3109998703	6.6942563057	0.6721590161	52.900001526	0.7007935643	0.0836376548	0.8094035983							
Costa Rica	Latin America & Caribbean	Upper middle	Presidential	14	7.17935586	9.531566824	0.905603933	70.3857144	0.910578093	0.006198765	0.793934554	0.86610095	0.265661949	0.794	80.1	13.8	12.13	8.7	0.716	14636.382	4.165433733	7.1213998795	9.658156395	0.9015459418	71.299850464	0.934738934	-0.10242971	0.7863324285	7.0693998337	9.8799190521	0.8913084865	71.399925232	0.9344320297	-0.126468882	0.8087530136
Croatia	Europe & Central Asia	High	Parliamentary	12	5.554704944	9.980127414	0.809349522	68.60500018	0.624310732	-0.136385364	0.92506363	0.60380656	0.290780552	0.837	78.3	31.4	23.9	11.4	0.796	22162.337	4.34561556	5.5047001839	10.070875168	0.8746237159	70.214904785	0.7148388028	-0.128538325	0.9164952636	5.8817000389	10.217200279	0.9235941172	70.799369812	0.753675878	-0.117680617	0.939343214
Cyprus	Europe & Central Asia	High	Presidential	12	6.091940085	10.38288813	0.801118121	72.87500064	0.744807184	0.07044973	0.845792358	0.76258262	0.328733688	0.873	80.8	19.7	16.46	12.1	0.811	31567.688	4.499242777	6.1589999199	10.405702591	0.8059962392	73.702224731	0.7798582911	0.0437314957	0.8562717438	6.2234997749	10.576036453	0.8022973537	73.897537231	0.7630279064	-0.014914353	0.8441770077
Czech Republic	Europe & Central Asia	High	Parliamentary	11	6.563952013	10.29340874	0.910607641	68.59454623	0.797943847	-0.147064615	0.907158261	0.697084481	0.235270091	0.891	79.2	29.9	23.02	12.7	0.892	30588.301	4.485555352	6.910900116	10.404163361	0.9144306779	70.047935486	0.8185373545	-0.230861515	0.8584462404	6.964700222	10.556146622	0.9465022087	70.806648254	0.8584125042	-0.208342001	0.867780745
Denmark	Europe & Central Asia	High	Parliamentary	14	7.692138536	10.72676093	0.957911198	71.03857095	0.945645034	0.181372834	0.19944465	0.813459852	0.194859535	0.93	80.8	31.1	23.72	12.6	0.92	47918.492	4.680503139	7.6455998421	10.774001122	0.9559907913	72.402503967	0.9514442682	0.0662017763	0.1684894562	7.6195001602	10.933176041	0.9544095397	72.699752808	0.9456385374	0.0301088933	0.1788384467
Dominican Republic	Latin America & Caribbean	Upper middle	NA	14	5.219580344	9.431198869	0.878813514	64.36428533	0.863491203	-0.051679789	0.759123819	0.768343048	0.287214364	0.745	73.9	10.9	9.83	7.9	0.657	13920.994	4.143670254	5.6891999245	9.6648807526	0.8820853829	65.807487488	0.8662027717	-0.131263286	0.7559999228	5.5451002121	9.802362442	0.852888763	66.101974487	0.8595534563	-0.13328588	0.7141715288
Ecuador	Latin America & Caribbean	Upper middle	Presidential	14	5.768104962	9.201532568	0.831400041	67.28571538	0.77042512	-0.108916119	0.763831058	0.842875915	0.305906898	0.758	76.8	11	9.91	9	0.714	10346.619	4.014798476	5.9251999855	9.2460584641	0.8364189863	68.500038147	0.859828949	-0.127014965	0.8012151122	5.763999939	9.3129043579	0.8205147386	68.799942017	0.8421871662	-0.123674773	0.8425045609
Egypt	Middle East & North Africa	Lower middle	Presidential	14	4.534207208	9.207695825	0.734060364	60.56714276	0.613831626	-0.138761068	0.827135378	0.586462349	0.350542009	0.7	71.8	8.6	7.92	7.3	0.608	10354.802	4.015141791	4.1514000893	9.3165416718	0.735447824	61.780151367	0.7083541751	-0.196878314	0.7877268791	4.2827000618	9.3666334152	0.7497766614	61.997714996	0.7485634685	-0.182113841	0.7947775126
El Salvador	Latin America & Caribbean	Lower middle	Presidential	14	5.986990656	8.810634817	0.785231148	64.68571445	0.732369768	-0.114296284	0.755433483	0.841223568	0.2905138	0.667	73.1	12.8	11.35	6.9	0.566	6868.108	3.836837091	6.3482999802	8.909075737	0.8060922623	66.108261108	0.833805263	-0.121072978	0.7543199062	6.060500145	9.0538568497	0.7620758414	66.401901245	0.8875650764	-0.110262141	0.6882754564
Estonia	Europe & Central Asia	High	Assembly-Elected President	13	5.569990378	10.20602857	0.91209822	67.19999988	0.766461817	-0.178108314	0.686648905	0.696170931	0.192162744	0.882	78.6	30.7	23.49	13	0.881	28993.248	4.462296866	6.0218000412	10.340017319	0.9347299933	68.604957581	0.8777091503	-0.111697771	0.6230738163	6.1887998581	10.481181145	0.9414528608	68.799911499	0.9087128043	-0.106193379	0.5266488194
Ethiopia	Sub-Saharan Africa	Low	Parliamentary	8	4.380347371	7.344170332	0.683474459	57.17500019	0.741821691	0.040535059	0.715771037	0.67365016	0.2503592	0.47	66.2	6.3	5.93	2.8	0.335	1719.378	3.23537141	4.1862001419	7.5093855858	0.7433073521	58.639591217	0.7407951951	0.0433773324	0.7536900043	4.2747001648	7.6935925484	0.7638999224	58.999526978	0.7521147728	0.0820015371	0.7605333924
Finland	Europe & Central Asia	High	Parliamentary	12	7.572871447	10.60941418	0.947917	71.10333379	0.937809294	0.01381867	0.256039682	0.776768535	0.185815182	0.925	81.7	35	25.93	12.4	0.915	41002.271	4.612807911	7.8087000847	10.639266968	0.9543297291	71.9008255	0.9491721988	-0.059482019	0.1954445839	7.8421001434	10.775201797	0.9536033869	72	0.9492678642	-0.097760275	0.1858457327
France	Europe & Central Asia	High	Parliamentary	14	6.666550091	10.53793505	0.922589834	72.68857139	0.833747447	-0.092198203	0.638370612	0.772431306	0.25524745	0.891	82.5	32.3	24.41	11.4	0.811	39253.947	4.593883332	6.6637997627	10.584222794	0.9371037483	73.801933289	0.8254676461	-0.130641967	0.5835211277	6.6898999214	10.703892708	0.9423473477	73.999794006	0.8218606114	-0.146519169	0.5707479119
Gabon	Sub-Saharan Africa	Upper middle	Presidential	9	4.435375823	9.697899183	0.760179308	58.00000042	0.67833662	-0.21053215	0.827090244	0.593781203	0.354516096	0.702	66.2	6	5.66	8.3	0.636	16430.69	4.2156558	4.8292999268	9.6805372238	0.787886858	59.715339661	0.704829216	-0.222261623	0.8491509557	4.8517999649	9.6030168533	0.7764019966	59.961624146	0.7305527925	-0.199857771	0.8395736217
Gambia	Sub-Saharan Africa	Low	Presidential	3	4.734555086	7.320739746	0.691890538	55	0.735883296	0.340299139	0.686931074	0.805038512	0.352392723	0.466	61.7	4.9	4.67	3.7	0.386	1515.62	3.180590323	4.7505998611	7.321814537	0.6931686997	55.012016296	0.733163178	0.3431987166	0.6907178164	5.0510001183	7.6859178543	0.6896220446	55.160160065	0.6970475912	0.4241547585	0.7459676266
Georgia	Europe & Central Asia	Upper middle	Presidential	14	4.221914922	8.98883731	0.569500212	64.86428615	0.647827297	-0.228854321	0.531079839	0.528803021	0.236161633	0.786	73.6	22.8	18.57	12.8	0.856	9186.41	3.963145811	4.6725997925	9.2261009216	0.6290330291	64.49520874	0.8016415238	-0.22892037	0.6659446955	4.8913998604	9.5845756531	0.6711152196	64.300010681	0.7826029658	-0.238445088	0.6549958587
Germany	Europe & Central Asia	High	Parliamentary	14	6.809732812	10.65830435	0.925635866	71.2042863	0.861824351	0.098739063	0.595398986	0.76980128	0.201447201	0.939	81.2	33.1	24.87	14.1	0.946	46135.848	4.664038503	7.075799942	10.732818604	0.8988744617	72.202018738	0.8673710823	0.0801793858	0.4564220309	7.1545000076	10.87254715	0.9031664729	72.500099182	0.8751699328	0.0106403306	0.4601449668
Ghana	Sub-Saharan Africa	Lower middle	Presidential	14	4.783375502	8.142196213	0.692851692	55.02142852	0.801388157	0.069117348	0.862489534	0.715118102	0.225598467	0.596	63.8	5.2	4.94	7.2	0.559	4096.174	3.612378374	5.1479997635	8.3506450653	0.7286010981	57.203987122	0.7947965264	0.0941708535	0.8479647636	5.0883998871	8.5802431107	0.7267570496	57.586345673	0.806505084	0.1233552471	0.8481913805
Greece	Europe & Central Asia	High	Parliamentary	13	5.531624097	10.17504883	0.812584762	71.67692331	0.504788591	-0.28121008	0.899429037	0.66497601	0.308446956	0.872	82.1	33.7	25.21	10.5	0.833	24648.097	4.391783393	5.5149998665	10.132326126	0.8143803477	72.405258179	0.5413451195	-0.300907373	0.8599314094	5.7225999832	10.278793335	0.8227670789	72.600151062	0.5817652941	-0.288152605	0.8231480122
Guatemala	Latin America & Caribbean	Upper middle	Presidential	14	6.253190109	8.856884616	0.826067529	62.97142846	0.790882336	0.070747554	0.79560781	0.845258836	0.286432629	0.651	74.1	7.9	7.32	6.5	0.511	7278.142	3.862020543	6.398900032	8.9248056412	0.8166214824	64.808944702	0.9081475735	-0.042938665	0.7832374573	6.4345002174	9.0534076691	0.8132908344	64.958137512	0.9058154821	-0.037600774	0.7753238678
Guinea	Sub-Saharan Africa	Low	Presidential	9	4.112397989	7.592735661	0.613247858	52.07777786	0.707968851	0.037013778	0.76748591	0.677077393	0.358050082	0.466	61.2	5.5	5.21	2.7	0.34	2066.672	3.315271631	4.9492998123	7.7509903908	0.6375734806	54.46780014	0.7068467736	0.0763284713	0.7617944479	4.9843001366	7.837749958	0.6394841671	55.008197784	0.6972144246	0.0946791917	0.7660537958
Haiti	Latin America & Caribbean	Low	Presidential	11	3.954193635	7.386394718	0.616195852	47.04909065	0.461764479	0.306808879	0.752032643	0.586697757	0.313026534	0.503	63.7	8	7.41	5.4	0.445	1665.463	3.221534883	3.7207999229	7.4113292694	0.5932478309	55.598625183	0.5378251672	0.4005345702	0.6847672462	3.6149001122	7.4771380424	0.539503932	55.700000763	0.5933555961	0.4215203524	0.7210492492
Honduras	Latin America & Caribbean	Lower middle	Presidential	14	5.39269369	8.329637391	0.810539548	66.02142879	0.728466741	0.085253175	0.836412528	0.825986815	0.263380474	0.623	75.1	7.4	6.89	6.6	0.503	4215.294	3.62482785	5.9531998634	8.4245347977	0.8218701482	67.198768616	0.8706032634	0.0869691148	0.8011319041	5.9191999435	8.648223877	0.8119232059	67.299873352	0.8570315838	0.0809825361	0.8087548018
Hong Kong	East Asia & Pacific	High	NA	10	5.46243782	10.81082122	0.836944419		0.86148932	0.218721649	0.345605601	0.695069224	0.225904338	0.939	84.7	23.7	19.16	12	0.86	58419.71	4.766559396	5.5103998184	10.934671402	0.8459690809	76.771705627	0.7798337936	0.1349799037	0.4206072092	5.4766998291	11.000312805	0.8357810974	76.820091248	0.7168079615	0.0673442483	0.4026504457
Hungary	Europe & Central Asia	High	Parliamentary	13	5.250609911	10.1031679	0.900060003	66.19999988	0.603509454	-0.158764967	0.911230083	0.682593561	0.245983784	0.845	76.7	28.8	22.36	11.9	0.816	25392.972	4.404713528	6.0004000664	10.249243736	0.9219341278	67.609970093	0.7189645767	-0.194323018	0.8929165006	5.9916000366	10.358233452	0.9434720278	68.000167847	0.7549257278	-0.186177924	0.8761805296
Iceland	Europe & Central Asia	High	Parliamentary	7	7.428166049	10.71154118	0.976762916	72.84571402	0.929058058	0.27592844	0.70896405	0.871914259	0.161433567	0.938	82.9	22.6	18.43	12.5	0.918	45810.196	4.660962148	7.5044999123	10.772559166	0.9746695757	73	0.9488918781	0.2469442189	0.7117097378	7.553899765	10.877767563	0.9829378724	73	0.9551227689	0.160273999	0.6728646755
India	South Asia	Lower middle	Parliamentary	14	4.490933776	8.527313232	0.606020664	58.1357144	0.78326663	0.004397707	0.831886526	0.681978153	0.302017067	0.647	69.4	9.3	8.51	6.5	0.558	6353.045	3.802981943	3.5732998848	8.8498239517	0.5922009349	60.215187073	0.8814448714	0.0575516075	0.7720426917	3.8189001083	8.7551832199	0.6029612422	60.63299942	0.8931295872	0.0893267021	0.7737091184
Indonesia	East Asia & Pacific	Upper middle	Presidential	14	5.227678061	9.143262386	0.793613255	60.99285698	0.76884612	0.388600029	0.931390115	0.852140908	0.263070001	0.707	71.5	8.7	8	8	0.625	10846.338	4.035283132	5.2856001854	9.3697519302	0.8083798885	62.155849457	0.8706144094	0.5195865035	0.876296401	5.3445000648	9.3647909164	0.8114106059	62.236362457	0.872877419	0.5415529609	0.8673139215
Iran	Middle East & North Africa	Upper middle	Presidential	12	4.864626805	9.767867883	0.652560661	64.53333314	0.696246967	0.128769981	0.716825709	0.625083387	0.461333426	0.797	76.5	8.9	8.17	10	0.743	19130.24	4.281720419	4.6723999977	9.8137197495	0.6946896911	66.006149292	0.6478732824	0.117891103	0.7146359682	4.7211999893	9.5843744278	0.7100515962	66.300354004	0.6075012684	0.218476817	0.7141964436
Iraq	Middle East & North Africa	Upper middle	Parliamentary	11	4.686356458	9.584881696	0.753337015	59.09818164	0.508085516	-0.091487698	0.802949179	0.521750161	0.510459458	0.689	70.5	5.7	5.39	7.3	0.554	17789.248	4.2501576	4.7848000526	9.6610956192	0.7476949692	59.903549194	0.6331826448	-0.06956476	0.8222618103	4.8541002274	9.2400588989	0.7456973791	60.583316803	0.6297644377	-0.053082243	0.8752124906
Ireland	Europe & Central Asia	High	Parliamentary	13	7.070290786	10.87920365	0.95995423	71.66307713	0.893377744	0.259803678	0.47414174	0.834664326	0.213558129	0.942	82.1	21.4	17.63	12.5	0.918	53754.186	4.730412292	7.0936999321	11.160978317	0.9420815706	72.300788879	0.8869829774	0.1457849741	0.3571841717	7.0852999687	11.34228611	0.9472292066	72.399986267	0.8793568015	0.0771885663	0.3631559312
Israel	Middle East & North Africa	High	Parliamentary	13	7.211497087	10.33187279	0.895883666	72.38461597	0.706461411	0.142550399	0.851751328	0.680369029	0.317550336	0.906	82.8	19.9	16.6	13	0.876	32711.377	4.514698821	7.1286001205	10.417525291	0.9135712385	73.200256348	0.7475805879	0.10259372	0.7808550596	7.1571002007	10.574757576	0.9392313361	73.503257751	0.8000268936	0.0306818802	0.7531108856
Italy	Europe & Central Asia	High	Parliamentary	14	6.270813533	10.48624788	0.89833524	72.90142877	0.637087882	0.001976833	0.911625164	0.681751153	0.319214449	0.883	83.4	35.6	26.25	10.2	0.793	35299.241	4.547765366	6.3874001503	10.481836319	0.889878571	73.60168457	0.6646519899	-0.043460999	0.8734046817	6.4830999374	10.622898102	0.8799592257	73.800048828	0.6929126382	-0.084229194	0.8657403588
Jamaica	Latin America & Caribbean	Upper middle	Parliamentary	5	5.698302555	9.009593582	0.883174586	66.25200043	0.799338806	-0.039247047	0.905950999	0.772881377	0.260774997	0.726	74.4	13	11.5	9.8	0.692	7845.587	3.894625457	5.8898000717	9.0062503815	0.9157018661	67.099998474	0.8580685258	-0.125106767	0.888890028	6.30919981	9.1862010956	0.8765021563	67.5	0.889582932	-0.136797056	0.8844091892
Japan	East Asia & Pacific	High	Parliamentary	14	6.009004627	10.52025999	0.904117776	74.22714288	0.804379225	-0.160187746	0.703123199	0.761796862	0.182021748	0.915	84.5	46.2	31.6	12.8	0.85	38986.155	4.5909104	5.8708000183	10.579689026	0.8835459352	75.000968933	0.8099613786	-0.246910349	0.6545580626	5.9404997826	10.611433983	0.8839415312	75.100440979	0.7957438827	-0.258194417	0.637886405
Jordan	Middle East & North Africa	Upper middle	Presidential	14	5.296022688	9.085020747	0.840353472	65.4042857	0.739257415	-0.108288486	0.695559844	0.651221092	0.302627042	0.723	74.4	6.2	5.84	10.5	0.678	8288.463	3.918473995	4.6333999634	9.0259990692	0.8021637201	66.799751282	0.7510477901	-0.162565202	0.7003443241	4.3945999146	9.1821050644	0.7668236494	67.000305176	0.7552774549	-0.16678907	0.7046573758
Kazakhstan	Europe & Central Asia	Upper middle	Presidential	14	5.780306203	9.985023499	0.89365602	61.57142857	0.797446898	-0.155952483	0.807394411	0.704407462	0.162509762	0.817	73.2	11.5	10.31	11.8	0.817	22626.391	4.35461528	6.0578999519	10.114658356	0.9347448945	64.609962463	0.8116019368	-0.068488635	0.7644908428	6.1518001556	10.154766083	0.9521086216	65.199859619	0.8525170088	-0.069446057	0.7330804467
Kenya	Sub-Saharan Africa	Lower middle	Presidential	14	4.392644388	7.873813289	0.787076635	56.38571467	0.721628841	0.157115948	0.865501489	0.756024186	0.195384909	0.579	66.3	4	3.85	6.6	0.526	2960.8	3.471409028	4.5830001831	8.0297756195	0.7026520371	60.096931458	0.8297475576	0.2946815193	0.8314991593	4.6065998077	8.3607788086	0.6880660653	60.704051971	0.7785444856	0.2868662477	0.8254486322
Kuwait	Middle East & North Africa	High	Presidential	11	6.273741766	11.22583424	0.873411238	65.47272769	0.815813613	-0.079963858	0.512453802	0.744722593	0.244118745	0.808	75.4	3.4	3.29	7.3	0.625	70523.941	4.848336571	6.1020998955	11.089824677	0.8464752436	66.76764679	0.872366488	-0.100184701	0.7608490586	6.1061000824	10.816696167	0.8427844048	66.900001526	0.8670896292	-0.104161076	0.736238122
Kyrgyzstan	Europe & Central Asia	Lower middle	Presidential	14	5.09276557	8.010634865	0.866765295	62.16428539	0.770917922	0.033662744	0.901020395	0.702718492	0.160593968	0.674	71.3	7.1	6.63	10.9	0.734	3255.239	3.512582824	5.5415000916	8.1484050751	0.8872284889	64.106010437	0.9093748927	0.1547720581	0.8883960843	5.7435998917	8.5384702682	0.8933833241	64.400611877	0.9345319867	0.119304277	0.9077425599
Latvia	Europe & Central Asia	High	Parliamentary	13	5.3654809	10.01175748	0.871169494	65.2538461	0.629611499	-0.131864932	0.866268525	0.611849519	0.226172121	0.854	75.2	31.3	23.84	12.8	0.871	25002.465	4.39798283	5.9499998093	10.175319672	0.9182885885	66.8074646	0.6712376475	-0.186888844	0.7955800891	6.0320000648	10.314775467	0.9274994135	67.100196838	0.7145545483	-0.162011996	0.7997939587
Lebanon	Middle East & North Africa	Upper middle	Assembly-Elected President	14	4.981545891	9.416046756	0.769901638	65.65428489	0.624452678	0.022643157	0.90973823	0.519212576	0.326434942	0.73	78.9	10.5	9.5	8.7	0.604	13377.73	4.126382421	4.7715001106	9.3617238998	0.8243381381	67.106582642	0.5513575077	-0.06121527	0.9022562504	4.583799839	9.6256732941	0.8478091359	67.35521698	0.5252207518	-0.073465846	0.8981228471
Lesotho	Sub-Saharan Africa	Lower middle	Parliamentary	4	4.003200233	7.939814329	0.795100421	47.08500004	0.705142081	-0.124112019	0.805589974	0.751755104	0.242255505	0.518	53.7	7.9	7.32	6.3	0.51	3254.907	3.512538618	3.6528000832	7.9604883194	0.7804957032	48.003623962	0.7381258607	-0.145732045	0.8573920727	3.5118000507	7.9257769585	0.7868713737	48.700000763	0.7149537206	-0.130536228	0.9153769016
Liberia	Sub-Saharan Africa	Low	Presidential	9	4.047478835	7.044049687	0.683577339	53.38666619	0.729317129	0.021393127	0.852215303	0.604389363	0.385598231	0.465	63.7	5.8	5.48	4.7	0.422	666.773	2.823977973	4.5578999519	7.0543804169	0.7092805505	56.096313477	0.735268712	0.0422732197	0.8563759327	4.6251997948	7.2877058983	0.7201086283	56.497577667	0.7352684736	0.0502317697	0.8498994112
Libya	Middle East & North Africa	Upper middle	Presidential	6	5.545739015	9.760869026	0.845437964	62.35999934	0.771611234	-0.083600474	0.698968366	0.704657435	0.374523893	0.708	72.7	6.5	6.1	7.6	0.607	11100.097	4.045326789	5.4888000488	9.7898159027	0.8259429336	62.299999237	0.7731570005	-0.085054487	0.6687791348	5.410299778	9.6222934723	0.8269725442	62.299999237	0.7710716128	-0.086637951	0.6666070223
Lithuania	Europe & Central Asia	High	Presidential	14	5.785509655	10.12849147	0.920701108	65.18571445	0.600721455	-0.250575512	0.924692303	0.569473435	0.263967665	0.869	75.7	30.1	23.14	13	0.89	28313.597	4.451995043	6.2154998779	10.343626022	0.9261071086	67.294075012	0.7473814487	-0.219725296	0.8095838428	6.2554001808	10.498724937	0.9353314042	67.906051636	0.773194313	-0.202682778	0.8256320357
Luxembourg	Europe & Central Asia	High	Parliamentary	11	7.047231414	11.43221517	0.920516339	72.24908933	0.90773583	0.046382219	0.377237781	0.774923048	0.201835985	0.909	82.1	20.3	16.87	12.2	0.802	65016.327	4.81302243	7.2375001907	11.450680733	0.9069122076	72.599998474	0.9056364298	-0.004620588	0.3670842946	7.3243999481	11.646564484	0.907789886	72.599998474	0.9071798325	-0.03356621	0.3864188194
Madagascar	Sub-Saharan Africa	Low	Presidential	11	3.980634906	7.253193855	0.69924943	57.26000006	0.515911022	-0.03770189	0.836403412	0.712733328	0.246307727	0.521	66.7	5.3	5.03	6.1	0.493	1357.758	3.132822511	4.165599823	7.2816858292	0.6681959033	59.105426788	0.5575740933	-0.011823639	0.8174856305	4.2084999084	7.3963499069	0.6857328415	59.30538559	0.5521671772	-0.005139357	0.8031488657
Malawi	Sub-Saharan Africa	Low	Presidential	12	4.054782689	6.990936875	0.567894963	53.03833294	0.790655017	0.088728183	0.776285236	0.680908894	0.259774137	0.485	63.8	4.9	4.67	4.6	0.459	1064.417	3.027111603	3.5380001068	7.0622262955	0.5440073013	57.592887878	0.8032231927	0.0214332789	0.731700778	3.5999999046	6.9575247765	0.5369946957	57.947525024	0.7797031403	0.0384023562	0.7290654182
Malaysia	East Asia & Pacific	Upper middle	Parliamentary	12	5.795421004	10.03381467	0.82717527	65.91666667	0.821376413	0.101092522	0.827224195	0.807403977	0.212141808	0.804	76	9.6	8.76	10.2	0.713	26107.27	4.416761461	5.3843002319	10.262518883	0.8165094256	67.102157593	0.8946268559	0.1147267967	0.8393023014	5.3843002319	10.238157272	0.8165094256	67.102157593	0.8946268559	0.1252958328	0.8393023014
Maldives	South Asia	Upper middle	Presidential	1	5.197574616	9.518632889	0.913315058	70.59999847	0.854759276	0.038085498				0.719	78.6	4.9	4.67	6.8	0.564	13567.344	4.132494833	5.1975998878	9.5186328888	0.9131609201	70.599998474	0.853962779	0.0380854979	0.824211061	5.1975998878	9.8259859085	0.9131609201	70.599998474	0.853962779	0.023997834	0.8246503472
Mali	Sub-Saharan Africa	Low	Presidential	13	4.249398672	7.549398496	0.77901318	49.41999993	0.674358237	-0.048645246	0.799878015	0.74222517	0.228674914	0.427	58.9	5	4.76	2.4	0.29	1952.946	3.290690237	4.7293000221	7.6298522949	0.7314689755	51.726982117	0.7115661502	-0.044366926	0.8393284082	4.7234997749	7.7436184883	0.7244561911	51.968902588	0.6972617507	-0.036025442	0.8269209862
Malta	Middle East & North Africa	High	Parliamentary	11	6.415794373	10.36902275	0.926501708	71.96181627	0.887669173	0.332820524	0.667521874	0.701862574	0.349988889	0.885	82.4	31.1	23.72	11.3	0.818	34395.647	4.536503482	6.7727999687	10.533838272	0.9303795099	72.199996948	0.9249114394	0.2149658054	0.6585472822	6.6020002365	10.673663139	0.9309310317	72.199996948	0.9272085428	0.1326467097	0.6529858112
Mauritania	Sub-Saharan Africa	Lower middle	Presidential	13	4.41145332	8.194170072	0.782633988	55.46307667	0.556234997	-0.028276785	0.731535692	0.739910887	0.1976685	0.527	64.7	5.5	5.21	4.6	0.389	3591.761	3.555307454	4.3745999336	8.2339191437	0.7908192277	57.010177612	0.551522553	-0.106008142	0.7462235093	4.227399826	8.5418071747	0.7949525118	57.160579681	0.5612248778	-0.106402405	0.730913043
Mauritius	Sub-Saharan Africa	High	Parliamentary	6	5.83864665	9.879772663	0.858874242	65.83333333	0.86066554	0.073394982	0.838409791	0.776884486	0.199448916	0.796	74.9	16.2	13.94	9.4	0.73	20189.317	4.305121624	6.1012997627	9.9567861557	0.9103578329	66.404342651	0.889534533	-0.018318573	0.8053430915	6.0489997864	10.008109093	0.9047017097	66.700866699	0.8669211864	-0.054111104	0.7890381813
Mexico	Latin America & Caribbean	Upper middle	Presidential	14	6.750331538	9.740529673	0.835621383	67.11714281	0.772235172	-0.126128833	0.733073222	0.82203163	0.227893909	0.767	75	10.9	9.83	8.6	0.684	16944.095	4.22901839	6.4650001526	9.7977972031	0.8386654258	68.299026489	0.8587092757	-0.175266623	0.8068215847	6.3168001175	9.8589162827	0.830884099	68.597259521	0.8624945879	-0.146808669	0.7990835905
Moldova	Europe & Central Asia	Lower middle	Assembly-Elected President	14	5.599390268	8.570149013	0.835973693	62.47142819	0.633208607	-0.054362153	0.933192615	0.587493245	0.278146989	0.711	71.8	15.8	13.64	11.6	0.708	5553.85	3.744594174	5.6075000763	8.776714325	0.8433135748	65.013015747	0.7216091752	-0.037741039	0.9133142829	5.7663998604	9.4539422989	0.8567749262	65.69859314	0.8220867515	-0.078676604	0.9182137251
Mongolia	East Asia & Pacific	Lower middle	Presidential	12	4.978564858	9.209671259	0.926205412	61.04999987	0.692625615	0.103429796	0.907865281	0.65922601	0.180114952	0.735	69.7	6.2	5.84	10.2	0.734	10103.05	4.004452512	5.4562001228	9.4121866226	0.9371424913	62.304485321	0.6933513284	0.0980938673	0.8635112047	5.6771998405	9.4001779556	0.9351727962	62.500114441	0.7076252699	0.1155142188	0.8564766645
Montenegro	Europe & Central Asia	Upper middle	NA	12	5.277609189	9.621836662	0.812226052	67.63333321	0.560975485	-0.112834802	0.780361722	0.580958058	0.364468008	0.816	76.8	22.4	18.3	11.4	0.797	16778.702	4.224758359	5.5461001396	9.7518606186	0.8553146124	68.505348206	0.6495656371	-0.075600356	0.7831215858	5.5805001259	9.9399747849	0.8582317233	68.699241638	0.7078997493	-0.034215305	0.8122866154
Morocco	Middle East & North Africa	Lower middle	Presidential	9	5.043947538	8.875898997	0.637182474	64.86666658	0.715991279	-0.224219582	0.821275618	0.67087581	0.290464988	0.676	76.5	10.7	9.67	5.5	0.547	7339.621	3.865673653	5.0947999954	8.9403133392	0.592628479	65.896240234	0.7720724344	-0.240377247	0.8157246113	4.9180002213	8.9027795792	0.5599959493	66.208084106	0.7735444903	-0.235710338	0.8014660478
Mozambique	Sub-Saharan Africa	Low	Presidential	8	4.683460832	6.92136848	0.753098689	49.82750034	0.735398367	0.036250855	0.735239044	0.613966793	0.320526421	0.446	60.2	5.5	5.21	3.5	0.389	1092.688	3.038496236	4.6236000061	7.0693459511	0.7238740325	54.205821991	0.8644518852	0.0323758684	0.6830191016	4.7944998741	7.1584634781	0.7438184023	54.705841064	0.8818101287	0.0607956871	0.6844094396
Myanmar	East Asia & Pacific	Lower middle	Presidential	8	4.405879498	8.542382479	0.752596691	58.2050004	0.834741584	0.618980922	0.639009051	0.796587966	0.246994762	0.584	66.9	8.5	7.83	5	0.452	5567.224	3.745638692	4.3080000877	8.6804819107	0.7844070196	58.961711884	0.895075202	0.5606639981	0.6451243162	4.4257998466	8.5409555435	0.7789490223	59.301887512	0.8756269217	0.508870542	0.6595363021
Namibia	Sub-Saharan Africa	Upper middle	Presidential	5	4.634156704	9.171652603	0.825510621	54.86800003	0.786747325	-0.170340754	0.837152457	0.73822608	0.234475863	0.645	63.4	6.1	5.75	6.9	0.582	9387.196	3.972535882	4.571100235	9.2031412125	0.8468809724	56.501487732	0.7675209641	-0.18530646	0.8514497876	4.5741000175	9.1605634689	0.8180958033	56.798820496	0.7192999721	-0.148972914	0.84670192
Nepal	South Asia	Lower middle	Parliamentary	14	4.689407843	7.694244487	0.786597414	60.12857165	0.675763003	0.152371697	0.853497165	0.6314263	0.269324903	0.579	70.5	9	8.26	4.9	0.501	2470.988	3.39287064	5.1371998787	7.9253573418	0.7855124474	63.779178619	0.797565043	0.1541688293	0.7380991578	5.2688999176	8.1200313568	0.7743813396	64.232788086	0.7824746966	0.1520128101	0.7274966836
Netherlands	Europe & Central Asia	High	Parliamentary	13	7.463357265	10.75994132	0.932716136	71.64615396	0.905436401	0.286409446	0.42521731	0.847039571	0.210343964	0.934	82.1	29.7	22.9	12.2	0.906	47899.762	4.680333352	7.4489002228	10.812711716	0.9391388297	72.300918579	0.9085478187	0.20761244	0.3647171259	7.4640002251	10.931812286	0.9416008592	72.400115967	0.913115561	0.1754044145	0.3379377723
New Zealand	East Asia & Pacific	High	Parliamentary	13	7.314375291	10.43912756	0.952943146	72.33846166	0.923508548	0.267631708	0.264866652	0.845636166	0.199149307	0.921	82.1	24.2	19.48	12.7	0.923	33969.74	4.531092223	7.2996001244	10.500943184	0.9491189718	73.202629089	0.9362174869	0.1915980726	0.2211388499	7.276599884	10.642712593	0.9481477141	73.400146484	0.9285796881	0.13425605	0.2416411489
Nicaragua	Latin America & Caribbean	Lower middle	Presidential	14	5.626681464	8.389573915	0.853239085	66.02142933	0.810195902	0.048683234	0.735104565	0.806084263	0.313307707	0.651	74.3	8.1	7.49	6.8	0.566	5157.316	3.712423713	6.1371002197	8.4931602478	0.8574970365	67.50717926	0.8639028668	0.0209591407	0.6659501195	5.972099781	8.6202659607	0.8639760017	67.656532288	0.8358175755	0.0196036063	0.6635907888
Niger	Sub-Saharan Africa	Low	Presidential	14	4.2541938	6.751843044	0.690628908	50.5142855	0.745928692	-0.012675431	0.683305468	0.706554362	0.233616667	0.377	62	5.5	5.21	2	0.247	905.868	2.957064942	4.909599781	6.8421669006	0.6174350381	53.500095367	0.7597721219	0.0138608171	0.7225301862	5.0741000175	7.097615242	0.6411375999	53.780006409	0.8061235547	0.0184499435	0.6925413609
Nigeria	Sub-Saharan Africa	Lower middle	Presidential	12	4.972763578	8.531077464	0.756933823	47.25	0.672258139	0.053399864	0.892928124	0.751410554	0.226279013	0.534	54.3	5.1	4.85	6.5	0.486	5231.222	3.718603175	4.7241001129	8.5766248703	0.7372168899	49.861907959	0.7595784068	0.0337458067	0.861874342	4.7593002319	8.5327711105	0.7400800586	50.101825714	0.7374156117	0.0373966545	0.8784207106
Norway	Europe & Central Asia	High	Parliamentary	9	7.537292163	11.07211431	0.949739999	72.58888838	0.953240752	0.130538394	0.352195563	0.830182579	0.198702132	0.954	82.3	26.1	20.7	12.6	0.919	68012.493	4.832588694	7.4879999161	11.087803841	0.9524865746	73.200782776	0.9557502866	0.1345326304	0.2632181942	7.3924999237	11.053126335	0.9544451237	73.300010681	0.9595884085	0.0934255645	0.2700278163
Pakistan	South Asia	Lower middle	Assembly-Elected President	13	5.303918142	8.362021666	0.562343125	56.55384621	0.504033497	0.098716086	0.800086549	0.623275633	0.322591316	0.56	67.1	7.1	6.63	5.2	0.407	5311.219	3.725194233	5.6932997704	8.4827270508	0.6890622973	58.253135681	0.7348337173	0.0448998697	0.7457054257	4.9340000153	8.4582824707	0.6505712271	58.708999634	0.7255769968	0.0975674838	0.7869770527
Palestine	Middle East & North Africa	NA	NA	14	4.618291685	8.307402293	0.777480858	62.01499939	0.537100226	-0.124394886	0.794976699	0.58346948	0.399099367	0.69	73.9	5.4	5.12	9.1	0.66	5055.086	3.703728563	4.5528001785	8.3892230988	0.8252959251	62.25	0.6457918286	-0.162079096	0.8241999745	4.516699791	8.4845333099	0.8259382248	62.25	0.6530195475	-0.16252175	0.8213176131
Panama	Latin America & Caribbean	High	Presidential	14	6.683717387	9.804596356	0.903790142	68.79999978	0.814153433	-0.020288309	0.854781317	0.852676192	0.207457297	0.795	78.3	12.5	11.11	10.2	0.697	19178.208	4.282808034	6.3048000336	10.034234047	0.9020944834	69.603012085	0.8803665042	-0.153927714	0.8515889049	6.179599762	10.350154877	0.8958771229	69.652107239	0.8718804121	-0.166285664	0.8556877375
Paraguay	Latin America & Caribbean	Upper middle	Presidential	13	5.559151796	9.220597854	0.906424564	64.71538485	0.76865132	0.054401563	0.831114939	0.867610001	0.223679063	0.724	74.1	10	9.09	8.4	0.634	8380.129	3.923250721	5.6921000481	9.3899822235	0.8987278938	65.639938354	0.8859234452	0.0079977131	0.8347885013	5.6525998116	9.448143959	0.8933451772	65.900001526	0.8764378428	0.028112838	0.8816799521
Peru	Latin America & Caribbean	Upper middle	Presidential	14	5.594209296	9.293290956	0.80290312	66.79285703	0.73879259	-0.111070417	0.88189011	0.778284171	0.363488312	0.759	76.5	12.2	10.87	9.2	0.692	11789.348	4.071489796	5.7968001366	9.4563131332	0.8310752511	68.100234985	0.8247660995	-0.16238822	0.8937149644	5.8396000862	9.4583797455	0.8322862387	68.250053406	0.8219620585	-0.154102549	0.8911354542
Philippines	East Asia & Pacific	Lower middle	Presidential	14	5.224921772	8.740072863	0.818050798	61.02857154	0.891918472	-0.013959888	0.784723026	0.815790313	0.342953045	0.712	71.1	8	7.41	9.4	0.667	9153.544	3.961589251	6.006000042	8.9935455322	0.8467300534	61.926761627	0.9154634476	-0.105463006	0.7336341143	5.8801999092	9.0755882263	0.8299263716	61.999954224	0.9169985652	-0.096835852	0.7417642474
Poland	Europe & Central Asia	High	Presidential	13	5.913453872	10.07145933	0.908935868	67.90000035	0.826853716	-0.089868802	0.848752522	0.740951703	0.228221398	0.872	78.5	26	20.63	12.3	0.866	26150.403	4.41747838	6.1862998009	10.265124321	0.8742574453	69.311134338	0.8620557785	-0.205084071	0.6869270205	6.1661000252	10.381980896	0.8982869387	69.701667786	0.8406172395	-0.164864704	0.7353492975
Portugal	Europe & Central Asia	High	Parliamentary	12	5.414133112	10.20861316	0.878346796	71.42999967	0.819721336	-0.170329543	0.925693701	0.699254821	0.322664887	0.85	81.9	34	25.37	9.2	0.759	27315.358	4.436406902	5.910900116	10.263742447	0.8865907192	72.402023315	0.8887478113	-0.220714301	0.8926295042	5.9289999008	10.421197891	0.8794488907	72.599533081	0.8917185664	-0.244393438	0.8873282671
Romania	Europe & Central Asia	High	Parliamentary	13	5.525715498	9.884431105	0.782007502	65.85692303	0.731523573	-0.148165023	0.95318643	0.646088518	0.298116376	0.816	75.9	27.7	21.69	11	0.762	22645.538	4.354982652	6.1237001419	10.107584	0.8251615167	67.207237244	0.8428232074	-0.19781521	0.9343002439	6.1399998665	10.283731461	0.8319143653	67.355209351	0.8450421095	-0.219464272	0.9382724166
Rwanda	Sub-Saharan Africa	Low	Presidential	12	3.654472987	7.385627707	0.619421174	57.58666674	0.868011902	0.012100283	0.185955225	0.725990375	0.223807327	0.536	68.7	5.1	4.85	4.4	0.457	1811.224	3.257972052	3.3122999668	7.600104332	0.5408354402	61.098846436	0.9005894065	0.0554839522	0.1835411787	3.4147000313	7.676117897	0.552339077	61.399726868	0.8967583776	0.0605256855	0.1668009758
Saudi Arabia	Middle East & North Africa	High	Presidential	14	6.536670957	10.77836725	0.861033521	64.97285734	0.708684256	-0.105802553	0.48606655	0.734018943	0.26939133	0.857	75	4.6	4.4	9.7	0.794	49680.221	4.696183516	6.4064998627	10.797812462	0.8740670681	66.305145264	0.8541912436	-0.168695062	0.6826195121	6.493999958	10.742503166	0.8905491829	66.603096008	0.8772625923	-0.149436235	0.6840046048
Senegal	Sub-Saharan Africa	Lower middle	Presidential	14	4.441847546	7.98235757	0.750634645	57.05000005	0.682500448	-0.065484352	0.823101163	0.737438798	0.220321513	0.514	67.7	5.7	5.39	3.1	0.352	2384.177	3.377338549	4.9808001518	8.1189823151	0.723616004	59.599151611	0.6905961633	-0.052335154	0.8087851405	5.1318001747	8.1181764603	0.7102318406	59.801551819	0.6952162385	-0.04600282	0.8007579446
Serbia	Europe & Central Asia	Upper middle	NA	12	5.178887447	9.568944057	0.824556415	66.93333244	0.549273772	-0.102547416	0.904773846	0.528963183	0.346822376	0.799	75.8	27.8	21.75	11.2	0.783	13018.708	4.114567891	5.7782001495	9.6809806824	0.8814757466	68.210205078	0.726495862	-0.073676221	0.8435090184	6.0778999329	9.7866239548	0.8726455569	68.600334167	0.777561903	0.0021929571	0.8352977633
Sierra Leone	Sub-Saharan Africa	Low	Presidential	12	4.112051904	7.198485494	0.682418654	45.71333345	0.705262661	0.07971555	0.855393191	0.5454481	0.388099137	0.438	54.3	5.3	5.03	3.6	0.403	1239.936	3.093399373	3.9263999462	7.2688031197	0.6361420155	50.865142822	0.7153150439	0.0886607468	0.861330688	3.8494000435	7.4338722229	0.6299904585	51.650539398	0.7171773314	0.0839950293	0.8663837314
Singapore	East Asia & Pacific	High	Parliamentary	13	6.504267179	11.24545654	0.880902176	75.35846123	0.843205548	0.06715231	0.09775201	0.715709755	0.163419012	0.935	83.5	15	13.04	11.5	0.837	82503.127	4.916470409	6.3770999908	11.395521164	0.9102689624	76.804580688	0.9266453385	0.0298792236	0.1097841933	6.3765001297	11.488009453	0.9148986936	76.952857971	0.9271981716	-0.018426836	0.081958577
Slovakia	Europe & Central Asia	High	Parliamentary	11	6.022511266	10.22121776	0.927942888	67.7636365	0.662578984	-0.087041796	0.917755479	0.710821238	0.267007931	0.857	77.4	22.7	18.5	12.6	0.824	29467.323	4.469340681	6.280600071	10.34774971	0.9224937558	68.906341553	0.7499526739	-0.124409303	0.9180961251	6.3309001923	10.368945122	0.9358723164	69.200653076	0.7663798332	-0.123774603	0.9112483859
Slovenia	Europe & Central Asia	High	Parliamentary	12	6.019592802	10.2933654	0.926881229	69.90833346	0.910402954	-0.014248954	0.845935827	0.645802543	0.280170716	0.902	81.2	30	23.08	12.3	0.893	30593.957	4.485635651	6.3633999825	10.39232254	0.9395756721	71.102989197	0.9361426234	-0.080603383	0.8170710206	6.4607000351	10.529362679	0.947963953	71.399757385	0.9486264586	-0.100677207	0.8064841032
South Africa	Sub-Saharan Africa	Upper middle	NA	14	4.867764047	9.400920664	0.865930962	52.74285698	0.743913531	-0.127348288	0.837535767	0.777891185	0.220969141	0.705	63.9	8.1	7.49	10.2	0.721	11923.268	4.076395295	4.8140997887	9.4033708572	0.8525322676	56.506011963	0.7593300939	-0.109777324	0.8434238434	4.9563999176	9.4025754929	0.8596819639	56.903968811	0.7493821383	-0.066996753	0.8595834374
South Sudan	Sub-Saharan Africa	Low	Presidential	4	3.401874602	7.554764907	0.554718569	50.40999985	0.493705109	0.048347966	0.749433473	0.60016872	0.486183867	0.413	57.6	6.2	5.84	4.8	0.301	963.174	2.983704792	2.8166000843	7.425359726	0.5537071228	51	0.4513136148	0.0165185481	0.7634173036							
Spain	Europe & Central Asia	High	Parliamentary	14	6.510317871	10.40392678	0.940302364	73.19428526	0.778861527	-0.083131345	0.805630888	0.715659393	0.315151266	0.893	83.4	29.4	22.72	9.8	0.824	34258.293	4.534765723	6.4008998871	10.462926865	0.921125412	74.402709961	0.7519895434	-0.050961714	0.7658599019	6.4906997681	10.570850372	0.9315811396	74.699996948	0.7613672614	-0.081138678	0.7452783585
Sri Lanka	South Asia	Lower middle	Presidential	13	4.308296809	9.1566603	0.828843768	66.40769196	0.812916169	0.177851766	0.818773522	0.809990447	0.21633109	0.78	76.8	16	13.79	11.1	0.756	11325.627	4.054062261	4.3270001411	9.3899698257	0.8253740668	67.200065613	0.8376336694	0.081129618	0.8590017557	4.3249998093	9.4703998566	0.8265063763	67.299209595	0.8414434195	0.0788303614	0.86308074
Swaziland	Sub-Saharan Africa	NA	Presidential	3	4.491590341	9.119271914	0.791839063	47.71040853	0.637937784	-0.159464687	0.777699669	0.807531754	0.260995905	0.608	59.4	6.9	6.45	6.7	0.541	7619.943	3.881951751	4.3081002235	9.1626739502	0.7702901959	51.188236237	0.6468222737	-0.19920142	0.7082633376	4.3081002235	9.0651874542	0.7702901959	50.833141327	0.6468222737	-0.184863508	0.7082633376
Sweden	Europe & Central Asia	High	Parliamentary	14	7.373469012	10.69880343	0.927288979	72.06142916	0.928020222	0.151652223	0.267370605	0.823144257	0.1774974	0.937	82.7	32.2	24.36	12.4	0.914	47765.656	4.679115747	7.3534998894	10.758793831	0.9263111949	72.600769043	0.9391441941	0.1116146222	0.2508801818	7.3626999855	10.866994858	0.9338052273	72.700050354	0.9446040988	0.0862229317	0.2374600023
Switzerland	Europe & Central Asia	High	Parliamentary	9	7.552649339	10.95178795	0.943308764	73.18222215	0.925710228	0.12602044	0.308769941	0.807730648	0.189838267	0.946	83.6	28	21.88	13.4	0.896	57625.07	4.760611464	7.559899807	10.979932785	0.9428465962	74.10244751	0.9213366508	0.1059110388	0.3037284315	7.5714998245	11.117367744	0.9417418242	74.400100708	0.9187881947	0.0246291943	0.2916984856
Tajikistan	Europe & Central Asia	Low	Presidential	14	4.90750558	7.785717862	0.763882875	62.70000049	0.77641584	-0.007859176	0.688009831	0.658447304	0.193158516	0.656	70.9	5	4.76	10.7	0.673	3317.424	3.52080098	5.5556998253	8.024810791	0.8352971077	64.10459137	0.8313834071	-0.025088511	0.5920760632	5.4661998749	8.0907716751	0.8597100973	64.280540466	0.832002461	-0.055771418	0.5526466966
Tanzania	Sub-Saharan Africa	Lower middle	Presidential	14	3.690969757	7.792523725	0.765514357	53.86428561	0.705878862	0.107760326	0.785367808	0.726495462	0.20315175	0.528	65	4.9	4.67	6	0.423	2655.394	3.42412894	3.4762001038	7.9676651955	0.6889331937	57.496074677	0.8215397596	0.109668687	0.6197994351	3.6231999397	7.8755722046	0.7020709515	57.99899292	0.8331366777	0.1831500679	0.5769856572
Thailand	East Asia & Pacific	Upper middle	Parliamentary	14	6.101891926	9.573987757	0.891628802	65.95000076	0.879915931	0.386016153	0.908752927	0.85410523	0.17360582	0.765	76.9	16.8	14.38	7.7	0.665	15515.83	4.190775022	5.9987998009	9.7417917252	0.8899732232	67.250595093	0.9050630331	0.2686851919	0.8862723112	5.9847002029	9.8046798706	0.8875290155	67.401100159	0.8840379715	0.2873913944	0.8953682184
Togo	Sub-Saharan Africa	Low	Assembly-Elected President	9	3.555059804	7.246409416	0.456104113	52.83777788	0.62336321	-0.035985409	0.803149064	0.561773837	0.41999001	0.513	60.8	5.1	4.85	5	0.514	1453.432	3.162394792	4.1872000694	7.3577113152	0.5513126254	54.719898224	0.6498286128	0.0026678746	0.7577334642	4.1068000793	7.3624205589	0.5689000487	54.914352417	0.6193913221	0.0315231904	0.772256732
Trinidad and Tobago	Latin America & Caribbean	High	Parliamentary	5	6.281389046	10.32731056	0.881427515	62.54000015	0.831940591	0.075188026	0.927044714	0.839997125	0.216190592	0.799	73.4	15.6	13.49	11	0.728	28622.304	4.456704592	6.1918997765	10.260002136	0.9152941704	63.5	0.8579071164	0.0005268407	0.9122306108							
Tunisia	Middle East & North Africa	Lower middle	Presidential	11	4.75811126	9.277898615	0.68919465	65.93272677	0.619450201	-0.198721719	0.832661802	0.559014329	0.325731158	0.739	76.5	12.3	10.95	7.2	0.659	10275.32	4.011795345	4.3921999931	9.3149728775	0.6887185574	66.897857666	0.5933615565	-0.216413811	0.8675902486	4.5964999199	9.2658014297	0.6909812093	67.200767517	0.6559020281	-0.200571224	0.8699617982
Turkey	Europe & Central Asia	Upper middle	Parliamentary	14	5.265595061	9.937399728	0.795923293	65.00285721	0.548327261	-0.163719525	0.767460304	0.54914284	0.359354682	0.807	77.4	12.7	11.27	7.7	0.712	24803.989	4.394521525	5.1318001747	10.129419327	0.8263135552	66.902816772	0.608830452	-0.171046436	0.7481973767	4.9475998878	10.240470886	0.8217769265	67.198875427	0.5758052468	-0.139463261	0.775604248
Turkmenistan	Europe & Central Asia	Upper middle	Presidential	10	5.600499916	9.54440279	0.935240257	61.00399971	0.776791729	0.028192261		0.62829293	0.19826218	0.71	68.1	6.8	6.37	9.8	0.628	15594.473	4.19297069	5.1191000938	9.7480325699	0.9589661956	62.211708069	0.8264570236	0.1876715422	0.8836918473	5.0664000511	9.6293268204	0.9828737378	62.408874512	0.8766868114	0.2728292644	0.888050139
Uganda	Sub-Saharan Africa	Low	Presidential	14	4.279919829	7.406096833	0.810829801	52.03571429	0.733973388	0.047079106	0.842745406	0.676244395	0.319327691	0.528	63	3.8	3.66	6.1	0.515	1657.976	3.219578327	4.4320001602	7.500389576	0.7649946213	55.708202362	0.7317139506	0.0994874313	0.8367378116	4.6364998817	7.6774334908	0.7811079025	56.101390839	0.7088271379	0.1216728911	0.8549025059
Ukraine	Europe & Central Asia	Lower middle	Presidential	14	4.73152113	8.998371806	0.873435842	62.79285731	0.550230271	-0.117699431	0.93169329	0.59486241	0.218783973	0.75	72	24.3	19.55	11.3	0.797	8130.399	3.910111868	4.5606999397	9.0106906891	0.8788793683	64.606781006	0.6630818844	-0.030933706	0.9206367135	4.8748002052	9.4360733032	0.8879203796	64.901748657	0.7244468927	-0.011032506	0.9238168001
United Arab Emirates	Middle East & North Africa	High	Presidential	12	6.829025626	11.06552323	0.865712919	66.57500013	0.9136928	0.083695612	0.299117039	0.77203548	0.260010551	0.866	77.8	1.3	1.28	11	0.744	67804.559	4.831258893	6.7908000946	11.109998703	0.8491811156	67.08278656	0.9413455129	0.1234508455	0.5945022106	6.560500145	11.084889412	0.8443886638	67.332893372	0.9323959947	0.0739989877	0.589146018
United Kingdom	Europe & Central Asia	High	Parliamentary	14	6.926264048	10.5507491	0.946512588	71.42285701	0.849059143	0.320860325	0.480529526	0.808832356	0.223396615	0.92	81.2	28.8	22.36	13	0.916	39116.312	4.592357897	7.1645002365	10.60013485	0.9366828203	72.301605225	0.8347436786	0.2637324929	0.4359159172	7.0636000633	10.70714283	0.9339838028	72.500091553	0.8586794734	0.2334199399	0.4594566226
United States	North America	High	Presidential	14	7.094569513	10.85692406	0.9191827	68.46428571	0.84286932	0.196333771	0.689088187	0.83047304	0.259254576	0.92	78.9	24.1	19.42	13.4	0.899	54941.109	4.739897424	6.9395999908	10.925768852	0.9142190218	68.299499512	0.8426195383	0.1498917341	0.6997153163	6.951499939	11.023136139	0.9198493361	68.199859619	0.8369630575	0.0984368175	0.6980640888
Uruguay	Latin America & Caribbean	High	Presidential	14	6.258516346	9.800652368	0.901006052	68.32142857	0.860906022	-0.092708247	0.58943545	0.824086577	0.261454103	0.808	77.8	22.9	18.63	8.7	0.745	19930.408	4.299516197	6.440100193	9.9481925964	0.9228112698	69.002548218	0.8923954368	-0.101103112	0.6359941363	6.4313998222	9.965593338	0.924974978	69.100059509	0.8957509398	-0.09222021	0.5895706415
Uzbekistan	Europe & Central Asia	Lower middle	Presidential	13	5.791760701	8.500432675	0.928380916	63.73230743	0.932398585	0.092147364	0.514593802	0.790039026	0.157778451	0.71	71.6	6.6	6.19	11.5	0.718	6470.083	3.810909827	6.2575998306	8.7403717041	0.9265958071	65.107574463	0.9749981165	0.2484271526	0.5014973879	6.178800106	8.8364210129	0.9184690118	65.255310059	0.97013098	0.3107061386	0.5150893927
Venezuela	Latin America & Caribbean	Upper middle	Presidential	14	6.123013462	9.545011441	0.917579608	65.89142827	0.670288573	-0.175050756	0.794055407	0.807414949	0.250269197	0.726	72.1	11.2	10.07	10.3	0.7	10671.542	4.02822716	5.0531997681	8.9777936935	0.8904081583	66.505340576	0.6232783198	-0.169090509	0.8370383978	4.8921999931	9.0731039047	0.8609268069	66.699859619	0.6153803468	-0.168757051	0.8266558647
Yemen	Middle East & North Africa	Low	Presidential	12	3.912124078	8.150122296	0.739803056	54.86666648	0.622404168	-0.139629775	0.824831559	0.530581859	0.293547788	0.463	66.1	5	4.76	3.2	0.347	1239.291	3.093173439	3.5274000168	7.7596826553	0.8179805875	56.727283478	0.5999202728	-0.157735437	0.8002877235	3.657900095	7.5784368515	0.8315374255	57.121570587	0.6021565795	-0.146712229	0.8002877235
Zambia	Sub-Saharan Africa	Lower middle	Presidential	13	4.529804872	8.128848626	0.73549813	51.35384604	0.757197192	-0.000593031	0.830276333	0.722832267	0.290506848	0.591	63.5	4	3.85	7.1	0.572	3557.379	3.55113018	3.7593998909	8.2247200012	0.6988244653	55.299377441	0.8065002561	0.0780371279	0.8012896776	4.0734000206	8.145450592	0.7075176835	55.809211731	0.7818997502	0.0605209246	0.8234307766
Zimbabwe	Sub-Saharan Africa	Lower middle	Presidential	14	3.934324162	7.692823717	0.805347741	49.76428577	0.583887975	-0.082275368	0.848132248	0.718793588	0.215754625	0.563	61.2	5.4	5.12	8.3	0.568	1682.839	3.226042645	3.299200058	7.865711689	0.7630927563	55.617259979	0.7114579082	-0.072063953	0.8102369905	3.1447999477	7.9425954819	0.7504699826	56.200839996	0.6767001152	-0.047345739	0.8209987283
Angola	Sub-Saharan Africa	Lower middle	Presidential	4	4.420298874	8.799585342	0.737973362	53.55000019	0.455956698	-0.081353161	0.867017984	0.613338888	0.351173088	0.574	60.8	4.3	4.12	5.1	0.498	5789.862	3.762668176														
Belize	Latin America & Caribbean	Upper middle	Parliamentary	2	6.203145504	8.971822739	0.814599574	61.90999985	0.789437503	0.014249934	0.775544912	0.756880343	0.266100064	0.72	74.5	7.3	6.8	9.8	0.691	7165.81	3.855265284														
Bhutan	South Asia	Lower middle	Presidential	3	5.196599484	8.984349569	0.848955115	59.90000025	0.824841837	0.305380732	0.695574125	0.815743069	0.284345691	0.617	71.5	8.8	8.09	3.1	0.441	8064.828	3.906595091														
Cuba	Latin America & Caribbean	Upper middle	Assembly-Elected President	1	5.417868614	9.67642498	0.969595134	68.44000244	0.281457931			0.646711767	0.276601523	0.778	78.7	22.1	18.1	11.8	0.791	7524.4	3.876471875														
Djibouti	Middle East & North Africa	Lower middle	Presidential	4	4.82256496	7.870239377	0.741325955	54.00999928	0.733235627	0.003199991	0.581540212	0.665338735	0.177639199	0.495	66.6	6.9	6.45	4	0.313	3391.747	3.530423456														
Guyana	Latin America & Caribbean	Upper middle	Assembly-Elected President	1	5.992826462	8.578910828	0.848765194	57.25999832	0.694005668	0.117300406	0.835569084	0.767540574	0.29641977	0.67	69.8	9.9	9.01	8.5	0.601	7446.546	3.871954874														
Lao People's Democratic Republic	East Asia & Pacific	Lower middle	Assembly-Elected President	8	4.967926621	8.471935868	0.741089687	56.53999901	0.894752843	0.290758435	0.619814711	0.874502957	0.261790188	0.604	67.6	6.4	6.02	5.2	0.481	6070.116	3.783196964														
Oman	Middle East & North Africa	High	Presidential	1	6.852982044	10.64404583		65.5	0.916293025	-0.003095158			0.295164108	0.834	77.6	3.2	3.1	9.7	0.732	36290.25	4.559789955														
Qatar	Middle East & North Africa	High	Presidential	5	6.568981838	11.6826643	0.863325119	67.18799896	0.898004333	0.104737873	0.183798134	0.734912594	0.302685281	0.848	80.1	1.6	1.57	9.7	0.661	116817.978	5.067509684														
Russian Federation	Europe & Central Asia	Upper middle	Presidential	13	5.52882686	10.08605759	0.901235548	61.70769207	0.662207475	-0.255424182	0.917256374	0.635503806	0.174426748	0.824	72.4	21.8	17.9	12	0.832	24232.556	4.384399221														
Sudan	Sub-Saharan Africa	Low	Presidential	5	4.378741169	8.219920921	0.841426659	54.33199997	0.548543292	-0.028860798	0.72562207	0.621000826	0.251863203	0.508	65.1	6.4	6.02	3.7	0.339	4119.152	3.614807802														
Suriname	Latin America & Caribbean	Upper middle	Parliamentary	1	6.269286633	9.61685276	0.797262073	62.24000168	0.885488451	-0.072288141	0.751282871	0.764222682	0.250364989	0.724	71.6	10.5	9.5	9.1	0.661	13305.818	4.124041584														
